   2.3070000e+01   1.7832000e+02   7.8459703e+00
   9.7630000e+01   4.6900000e+00   7.5235831e+00
   9.4590000e+01   9.2100000e+00   7.2514567e+00
   1.9747000e+02   6.4050000e+01   7.0973893e+00
   8.8490000e+01   1.1850000e+01   6.9402805e+00
   9.3610000e+01   4.4700000e+00   7.2721494e+00
   1.9014000e+02   8.2380000e+01   6.9258446e+00
   8.1300000e+00   1.1014000e+02   7.0124464e+00
   1.8163000e+02   9.3440000e+01   7.1160155e+00
   1.9883000e+02   6.1040000e+01   6.9445376e+00
   7.3000000e+00   9.6300000e+00   6.7761571e+00
   2.1800000e+00   1.3950000e+01   6.8576979e+00
   1.4883000e+02   1.1327000e+02   6.7925441e+00
   1.5846000e+02   9.4630000e+01   6.9382365e+00
   2.8990000e+01   1.2314000e+02   6.6482171e+00
   1.7068000e+02   9.3940000e+01   6.6567300e+00
   1.9722000e+02   1.5662000e+02   6.8506387e+00
   1.6495000e+02   9.5290000e+01   6.6496827e+00
   3.1090000e+01   1.8005000e+02   6.6698503e+00
   2.5230000e+01   1.2097000e+02   6.7126676e+00
   2.4600000e+01   1.2409000e+02   6.7686946e+00
   1.5785000e+02   9.2250000e+01   6.5747124e+00
   1.3600000e+00   1.7924000e+02   6.5700310e+00
   1.1263000e+02   8.3920000e+01   6.7094415e+00
   1.6720000e+01   1.1778000e+02   6.3660947e+00
   1.7042000e+02   1.0497000e+02   6.5308409e+00
   1.1385000e+02   8.5700000e+01   6.2439579e+00
   5.1550000e+01   3.2420000e+01   6.1799082e+00
   1.4340000e+01   1.2571000e+02   6.2922611e+00
   1.2330000e+02   8.7500000e+01   6.3253747e+00
   1.8770000e+02   7.4400000e+01   6.1633581e+00
   1.3775000e+02   1.6101000e+02   6.0992589e+00
   1.3202000e+02   1.8547000e+02   6.0471799e+00
   1.1720000e+01   5.6900000e+00   6.1260582e+00
   6.1370000e+01   3.8740000e+01   6.0909141e+00
   1.4482000e+02   1.1017000e+02   6.0822766e+00
   3.2470000e+01   1.3337000e+02   5.8228326e+00
   1.5035000e+02   1.5554000e+02   5.8336241e+00
   1.9911000e+02   1.0448000e+02   5.9123657e+00
   4.6400000e+01   1.2095000e+02   5.9197896e+00
   1.3517000e+02   1.0337000e+02   6.2191250e+00
   2.5100000e+00   5.6000000e+01   5.9053246e+00
   7.1860000e+01   1.1075000e+02   5.9190639e+00
   2.8840000e+01   1.1336000e+02   6.0190973e+00
   4.9720000e+01   5.9650000e+01   6.0131733e+00
   1.2422000e+02   1.7546000e+02   5.7978641e+00
   1.2569000e+02   1.6615000e+02   5.7425244e+00
   1.4383000e+02   1.5658000e+02   5.8503798e+00
   1.0207000e+02   1.3973000e+02   5.8542290e+00
   1.0752000e+02   1.5768000e+02   5.6566780e+00
   1.8349000e+02   1.5444000e+02   5.7898322e+00
   6.3410000e+01   3.6160000e+01   5.7196595e+00
   1.9365000e+02   1.9001000e+02   6.0793702e+00
   5.8990000e+01   6.7300000e+01   5.6687810e+00
   2.0800000e+01   1.9783000e+02   5.6166439e+00
   1.0363000e+02   1.7420000e+01   5.8004660e+00
   1.9435000e+02   1.5615000e+02   5.6556667e+00
   1.7930000e+02   9.9150000e+01   5.6872949e+00
   7.7430000e+01   1.4090000e+01   5.8550301e+00
   6.4560000e+01   2.2130000e+01   5.5272500e+00
   1.4958000e+02   1.2499000e+02   5.6546589e+00
   1.7786000e+02   1.5456000e+02   5.5772055e+00
   4.5270000e+01   4.8600000e+01   5.6867026e+00
   1.4000000e+01   5.0260000e+01   5.5354403e+00
   7.7800000e+01   1.1019000e+02   5.6268458e+00
   3.3260000e+01   1.0648000e+02   5.6756782e+00
   1.2075000e+02   2.1630000e+01   5.6320841e+00
   6.5350000e+01   1.3667000e+02   5.6186162e+00
   2.5570000e+01   1.9008000e+02   5.4550531e+00
   1.5658000e+02   5.9130000e+01   5.3557794e+00
   1.2824000e+02   2.1520000e+01   5.4318773e+00
   5.6880000e+01   1.0383000e+02   5.3090187e+00
   1.9091000e+02   1.5989000e+02   5.4421180e+00
   9.4780000e+01   1.2951000e+02   5.5714845e+00
   1.4375000e+02   4.4320000e+01   5.3000555e+00
   1.6962000e+02   1.6697000e+02   5.4838239e+00
   1.1069000e+02   1.5544000e+02   5.4433818e+00
   1.1007000e+02   3.0060000e+01   5.2885763e+00
   1.7468000e+02   1.5544000e+02   5.3572894e+00
   7.7900000e+00   9.4550000e+01   5.4051482e+00
   4.1400000e+01   2.1100000e+00   5.3857536e+00
   5.1330000e+01   5.3170000e+01   5.3093410e+00
   1.8165000e+02   1.9378000e+02   5.5173244e+00
   1.2582000e+02   6.6200000e+01   5.3052664e+00
   7.5840000e+01   1.4679000e+02   5.2002652e+00
   1.1292000e+02   3.8850000e+01   5.3234232e+00
   1.8074000e+02   7.3740000e+01   5.1972116e+00
   1.2325000e+02   1.6799000e+02   5.3945601e+00
   1.4283000e+02   1.2810000e+02   5.1254227e+00
   1.4131000e+02   1.2391000e+02   5.2709424e+00
   4.5140000e+01   8.0750000e+01   5.0528414e+00
   2.1000000e+01   8.1440000e+01   5.2431578e+00
   1.9814000e+02   4.8660000e+01   5.1371487e+00
   1.0119000e+02   1.7659000e+02   5.2780981e+00
   5.3880000e+01   2.4930000e+01   5.1907504e+00
   1.7853000e+02   1.6586000e+02   5.1877544e+00
   1.0975000e+02   1.3278000e+02   5.1331222e+00
   1.8965000e+02   1.6086000e+02   5.4342657e+00
   1.2624000e+02   5.7630000e+01   5.2168723e+00
   8.0000000e-02   1.9079000e+02   5.0318284e+00
   3.7650000e+01   4.2000000e-01   5.1717387e+00
   1.1253000e+02   1.0650000e+01   5.0573132e+00
   3.3230000e+01   1.9379000e+02   5.1326304e+00
   1.1149000e+02   1.0319000e+02   4.9562907e+00
   4.5310000e+01   1.1264000e+02   4.9831654e+00
   5.3350000e+01   6.2400000e+00   4.8680653e+00
   7.8800000e+01   4.3620000e+01   4.8800599e+00
   9.3420000e+01   3.8750000e+01   5.1643318e+00
   1.7630000e+01   1.0498000e+02   4.9125121e+00
   7.5210000e+01   3.2870000e+01   4.8188291e+00
   1.0992000e+02   1.4819000e+02   4.8601118e+00
   4.7650000e+01   1.1052000e+02   4.7775242e+00
   6.6000000e-01   1.4312000e+02   4.8427604e+00
   7.2850000e+01   4.3690000e+01   4.7810937e+00
   1.0040000e+02   1.5449000e+02   4.8234219e+00
   2.4170000e+01   1.5817000e+02   4.6511372e+00
   1.0652000e+02   1.7765000e+02   4.7112248e+00
   1.1717000e+02   1.7015000e+02   4.7253331e+00
   1.3100000e+02   1.3663000e+02   4.6542415e+00
   1.2587000e+02   1.3433000e+02   4.6055491e+00
   1.2969000e+02   4.4900000e+01   4.7481278e+00
   4.4950000e+01   1.0995000e+02   4.5599080e+00
   7.3620000e+01   1.7917000e+02   4.5040187e+00
   5.0370000e+01   1.7829000e+02   4.5082430e+00
   7.0050000e+01   1.5452000e+02   4.7377925e+00
   1.1543000e+02   1.6312000e+02   4.5682498e+00
   1.5769000e+02   1.9290000e+01   4.5603863e+00
   1.7095000e+02   1.3034000e+02   4.5997902e+00
   9.3560000e+01   1.5918000e+02   4.5474901e+00
   9.5550000e+01   1.5034000e+02   4.4777551e+00
   7.4290000e+01   3.2450000e+01   4.4658454e+00
   1.3272000e+02   9.1620000e+01   4.4628797e+00
   4.1540000e+01   1.0300000e+02   4.1914633e+00
   8.3860000e+01   9.5950000e+01   4.3657687e+00
   8.0680000e+01   1.8202000e+02   4.5268348e+00
   1.5118000e+02   2.8040000e+01   4.2209561e+00
   5.4960000e+01   8.1030000e+01   4.2686696e+00
   7.1680000e+01   6.4330000e+01   4.2143439e+00
   8.2670000e+01   1.5242000e+02   3.8511427e+00
   1.6887000e+02   1.8458000e+02   4.2296165e+00
   5.7000000e+01   1.6385000e+02   3.7740565e+00
   7.6400000e+00   1.5779000e+02   3.8897961e+00
   9.4470000e+01   1.5632000e+02   3.8832552e+00
   1.8486000e+02   6.0830000e+01   3.9816450e+00
   6.5180000e+01   1.4709000e+02   3.7198573e+00
   3.2310000e+01   1.7607000e+02   7.6777489e+00
   1.5400000e+00   1.4250000e+01   7.0966750e+00
   1.1248000e+02   1.7540000e+01   7.2172317e+00
   1.6384000e+02   8.8820000e+01   7.0471815e+00
