			GMRT Grid Version 4.0
Longitude	Latitude	Distance (km)	Elevation (m)
-102.94	8.96	0.0	-3278.1953
-103.50	8.88	62.661465	-3156.1426
-104.07	8.80	125.32293	-2983.0479
-104.63	8.72	187.98439	-3040.305
-105.19	8.63	250.64586	-3196.635
-105.76	8.55	313.3073	-3304.6228
-106.32	8.46	375.96878	-3417.7383
-106.88	8.38	438.63025	-3450.236
-107.45	8.29	501.29172	-3614.111
-108.01	8.20	563.9532	-3771.6055
-108.57	8.12	626.6146	-3755.7507
-109.13	8.03	689.27606	-3873.8367
-109.70	7.94	751.9375	-3873.3184
-110.26	7.85	814.59894	-3930.2715
-110.82	7.76	877.2604	-3848.1143
-111.38	7.66	939.9218	-3863.704
-111.94	7.57	1002.58325	-3984.6257
-112.50	7.48	1065.2448	-3955.854
-113.06	7.38	1127.9062	-3881.8723
-113.62	7.29	1190.5677	-3897.8176
-114.18	7.19	1253.2292	-4013.8894
-114.74	7.10	1315.8907	-4155.9907
-115.30	7.00	1378.5522	-4097.2573
-115.86	6.90	1441.2137	-4119.298
-116.42	6.80	1503.8752	-4149.317
-116.98	6.70	1566.5367	-4185.645
-117.53	6.60	1629.1982	-4151.5864
-118.09	6.50	1691.8597	-4078.173
-118.65	6.40	1754.5212	-3998.506
-119.21	6.30	1817.1827	-3980.5679
-119.77	6.20	1879.8442	-4060.9004
-120.32	6.10	1942.5057	-4110.494
-120.88	5.99	2005.1672	-4167.799
-121.44	5.89	2067.8286	-4201.352
-121.99	5.79	2130.49	-4192.991
-122.55	5.68	2193.1514	-4149.247
-123.11	5.58	2255.8127	-4208.831
-123.66	5.47	2318.474	-4283.4316
-124.22	5.36	2381.1355	-4254.886
-124.77	5.26	2443.7969	-4366.8154
-125.33	5.15	2506.4583	-4467.9497
-125.89	5.04	2569.1196	-4406.663
-126.44	4.93	2631.781	-4311.089
-127.00	4.82	2694.4424	-4315.1143
-127.55	4.72	2757.1038	-4345.947
-128.10	4.61	2819.7651	-4394.326
-128.66	4.50	2882.4265	-4431.3955
-129.21	4.39	2945.088	-4398.8364
-129.77	4.27	3007.7493	-4399.261
-130.32	4.16	3070.4106	-4467.387
-130.87	4.05	3133.072	-4455.9014
-131.43	3.94	3195.7334	-4445.458
-131.98	3.83	3258.3948	-4421.7866
-132.54	3.71	3321.0562	-4340.5303
-133.09	3.60	3383.7175	-4366.543
-133.64	3.49	3446.379	-4421.9824
-134.19	3.37	3509.0403	-4299.492
-134.75	3.26	3571.7017	-4254.7407
-135.30	3.14	3634.363	-4307.072
-135.85	3.03	3697.0244	-4331.1323
-136.40	2.92	3759.6858	-4324.9067
-136.96	2.80	3822.3472	-4304.0977
-137.51	2.68	3885.0085	-4303.6313
-138.06	2.57	3947.67	-4270.4824
-138.61	2.45	4010.3313	-4245.8887
-139.17	2.34	4072.9927	-4299.7134
-139.72	2.22	4135.6543	-4378.212
-140.27	2.10	4198.316	-4419.3506
-140.82	1.99	4260.9775	-4444.6255
-141.37	1.87	4323.639	-4448.7637
-141.92	1.75	4386.301	-4386.144
-142.47	1.63	4448.9624	-4342.7285
-143.03	1.52	4511.624	-4331.2803
-143.58	1.40	4574.2856	-4384.6494
-144.13	1.28	4636.9473	-4412.711
-144.68	1.16	4699.609	-4421.192
-145.23	1.05	4762.2705	-4489.103
-145.78	0.93	4824.932	-4445.799
-146.33	0.81	4887.5938	-4311.3613
-146.88	0.69	4950.2554	-4271.299
-147.44	0.57	5012.917	-4273.928
-147.99	0.45	5075.5786	-4329.3975
-148.54	0.34	5138.24	-4352.912
-149.09	0.22	5200.902	-4412.548
-149.64	0.10	5263.5635	-4358.0137
-150.19	-0.02	5326.225	-4240.2114
-150.74	-0.14	5388.8867	-4146.5234
-151.29	-0.26	5451.5483	-4168.3223
-151.84	-0.38	5514.21	-4429.597
-152.39	-0.49	5576.8716	-4677.897
-152.94	-0.61	5639.533	-4802.744
-153.50	-0.73	5702.195	-4765.873
-154.05	-0.85	5764.8564	-4588.3193
-154.60	-0.97	5827.518	-4469.202
-155.15	-1.08	5890.1797	-4565.246
-155.70	-1.20	5952.8413	-4256.627
-156.25	-1.32	6015.503	-4488.141
-156.80	-1.44	6078.1646	-4716.127
-157.35	-1.56	6140.826	-4833.6157
-157.91	-1.67	6203.488	-5020.71
-158.46	-1.79	6266.1494	-5123.2935
-159.01	-1.91	6328.811	-5117.69
-159.56	-2.02	6391.4727	-5147.521
-160.11	-2.14	6454.1343	-5208.12
-160.66	-2.26	6516.796	-5251.257
-161.21	-2.37	6579.4575	-5309.983
-161.77	-2.49	6642.119	-5315.03
-162.32	-2.61	6704.781	-5296.752
-162.87	-2.72	6767.4424	-5295.4106
-163.42	-2.84	6830.104	-5305.02
-163.98	-2.95	6892.7656	-5288.104
-164.53	-3.07	6955.4272	-5167.276
-165.08	-3.18	7018.089	-4993.1978
-165.63	-3.30	7080.7505	-4676.161
-166.19	-3.41	7143.412	-4829.8525
-166.74	-3.52	7206.0737	-5363.4023
-167.29	-3.64	7268.7354	-5506.925
-167.85	-3.75	7331.397	-5486.2764
-168.40	-3.86	7394.0586	-5378.265
-168.95	-3.98	7456.72	-5281.931
-169.51	-4.09	7519.382	-5292.814
-170.06	-4.20	7582.0435	-5443.448
-170.61	-4.31	7644.705	-5410.2637
-171.17	-4.42	7707.3667	-5097.459
-171.72	-4.53	7770.0283	-4812.047
-172.28	-4.64	7832.69	-4435.773
-172.83	-4.75	7895.3516	-5396.223
-173.39	-4.86	7958.013	-5444.231
-173.94	-4.97	8020.675	-5362.6855
-174.50	-5.08	8083.3364	-5093.914
-175.05	-5.19	8145.998	-5558.114
-175.61	-5.29	8208.659	-5485.5815
-176.16	-5.40	8271.32	-5460.8335
-176.72	-5.51	8333.981	-5606.425
-177.27	-5.61	8396.643	-5643.993
-177.83	-5.72	8459.304	-5669.9565
-178.39	-5.82	8521.965	-5586.2188
-178.94	-5.92	8584.626	-5338.4087
-179.50	-6.03	8647.287	-5153.304
179.94	-6.13	8709.948	-4684.734
179.38	-6.23	8772.609	-5111.346
178.83	-6.34	8835.2705	-5408.038
178.27	-6.44	8897.932	-5407.312
177.71	-6.54	8960.593	-4992.022
177.15	-6.64	9023.254	-5025.1626
176.59	-6.74	9085.915	-4812.4727
176.03	-6.84	9148.576	-5381.603
175.48	-6.93	9211.237	-5440.9277
174.92	-7.03	9273.898	-5461.797
174.36	-7.13	9336.56	-5363.9175
173.80	-7.22	9399.221	-5216.7573
173.24	-7.32	9461.882	-5397.3926
172.68	-7.41	9524.543	-5371.359
172.12	-7.51	9587.204	-5324.09
171.56	-7.60	9649.865	-5251.8643
171.00	-7.69	9712.526	-5201.732
170.43	-7.79	9775.1875	-5138.5166
169.87	-7.88	9837.849	-4786.3604
169.31	-7.97	9900.51	-4221.407
168.75	-8.06	9963.171	-4002.0398
168.19	-8.15	10025.832	-3721.144
167.63	-8.23	10088.493	-3708.83
167.06	-8.32	10151.154	-4106.171
166.50	-8.41	10213.815	-4628.6167
