			GMRT Grid Version 4.2.1
Longitude	Latitude	Distance (km)	Elevation (m)
-44.78	25.92	0.0	-3306.0928
-44.66	25.91	11.93026	-3311.7222
-44.54	25.90	23.86052	-3346.0203
-44.42	25.89	35.79078	-3583.1907
-44.31	25.88	47.72104	-3592.914
-44.19	25.87	59.6513	-3264.9968
-44.07	25.86	71.58156	-3810.6062
-43.95	25.84	83.51182	-3624.2085
-43.83	25.83	95.44208	-3888.8025
-43.71	25.82	107.37234	-4041.4785
-43.60	25.81	119.3026	-4009.296
-43.48	25.80	131.23285	-4086.799
-43.36	25.79	143.1631	-4286.36
-43.24	25.77	155.09335	-3905.921
-43.12	25.76	167.0236	-4072.2554
-43.00	25.75	178.95386	-3992.0737
-42.88	25.74	190.88411	-4052.0225
-42.77	25.72	202.81436	-3976.4893
-42.65	25.71	214.74461	-4151.9995
-42.53	25.70	226.67487	-4264.295
-42.41	25.69	238.60512	-4432.2876
-42.29	25.67	250.53537	-4181.716
-42.18	25.66	262.46564	-4461.2944
-42.06	25.65	274.3959	-4137.094
-41.94	25.64	286.32617	-4138.805
-41.82	25.62	298.25644	-4265.5376
-41.70	25.61	310.1867	-4054.9702
-41.58	25.60	322.11697	-3979.7583
-41.47	25.58	334.04724	-4468.336
-41.35	25.57	345.9775	-4827.7183
-41.23	25.56	357.90778	-4150.3003
-41.11	25.54	369.83804	-4174.5815
-40.99	25.53	381.7683	-4358.4893
-40.88	25.51	393.69858	-4478.4575
-40.76	25.50	405.62885	-4467.8696
-40.64	25.49	417.5591	-4275.0923
-40.52	25.47	429.48938	-4415.55
-40.41	25.46	441.41965	-4867.4214
-40.29	25.44	453.3499	-4646.837
-40.17	25.43	465.28018	-4810.2007
-40.05	25.41	477.21045	-4820.1934
-39.93	25.40	489.14072	-4837.901
-39.82	25.38	501.07098	-4707.569
-39.70	25.37	513.0012	-4714.092
-39.58	25.35	524.93146	-4964.8696
-39.46	25.34	536.8617	-5077.676
-39.35	25.32	548.79193	-4791.888
-39.23	25.31	560.72217	-4978.62
-39.11	25.29	572.6524	-5114.434
-38.99	25.28	584.58264	-4957.2666
-38.88	25.26	596.5129	-4608.5786
-38.76	25.25	608.4431	-4803.091
-38.64	25.23	620.37335	-5119.2036
-38.53	25.22	632.3036	-4991.6685
-38.41	25.20	644.2338	-4932.8203
-38.29	25.18	656.16406	-5309.2207
-38.17	25.17	668.0943	-5001.8228
-38.06	25.15	680.02454	-5019.096
-37.94	25.14	691.9548	-5272.932
-37.82	25.12	703.885	-4861.185
-37.70	25.10	715.81525	-5344.7856
-37.59	25.09	727.7455	-5310.936
-37.47	25.07	739.6757	-5434.0933
-37.35	25.05	751.60596	-5310.6436
-37.24	25.04	763.5362	-5506.8433
-37.12	25.02	775.46643	-5431.717
-37.00	25.00	787.39667	-5338.715
-36.89	24.99	799.3269	-4875.6543
-36.77	24.97	811.25714	-5094.9575
-36.65	24.95	823.1874	-5104.927
-36.54	24.93	835.1176	-5518.9453
-36.42	24.92	847.04785	-4953.988
-36.30	24.90	858.9781	-5049.4136
-36.19	24.88	870.9083	-5366.388
-36.07	24.86	882.83856	-5793.572
-35.95	24.85	894.7688	-5588.3066
-35.84	24.83	906.69904	-5776.1045
-35.72	24.81	918.6293	-5640.1133
-35.60	24.79	930.5595	-5465.825
-35.49	24.77	942.48975	-5762.8955
-35.37	24.76	954.42	-5771.2437
-35.25	24.74	966.3502	-5667.342
-35.14	24.72	978.28046	-5576.1396
-35.02	24.70	990.2107	-5981.7954
-34.90	24.68	1002.1409	-5599.189
-34.79	24.66	1014.07117	-5724.299
-34.67	24.65	1026.0015	-6053.3896
-34.56	24.63	1037.9318	-5989.0293
-34.44	24.61	1049.862	-5443.8203
-34.32	24.59	1061.7924	-5598.1704
-34.21	24.57	1073.7227	-5516.542
-34.09	24.55	1085.653	-5601.1904
-33.98	24.53	1097.5833	-5891.521
-33.86	24.51	1109.5135	-6004.575
-33.74	24.49	1121.4438	-5555.7407
-33.63	24.47	1133.3741	-6044.957
-33.51	24.45	1145.3044	-4991.1455
-33.40	24.43	1157.2347	-5454.2065
-33.28	24.41	1169.165	-5778.1396
-33.16	24.39	1181.0953	-5849.5117
-33.05	24.37	1193.0256	-5584.8096
-32.93	24.35	1204.9559	-5874.086
-32.82	24.33	1216.8862	-5993.6973
-32.70	24.31	1228.8165	-5734.1177
-32.59	24.29	1240.7468	-5663.784
-32.47	24.27	1252.6771	-5785.0674
-32.35	24.25	1264.6074	-6158.9907
-32.24	24.23	1276.5377	-5627.747
-32.12	24.21	1288.468	-5630.745
-32.01	24.19	1300.3983	-5524.3687
-31.89	24.17	1312.3286	-5736.7656
-31.78	24.15	1324.2589	-5860.071
-31.66	24.13	1336.1892	-5673.5977
-31.55	24.11	1348.1195	-5607.859
-31.43	24.08	1360.0498	-5709.5884
-31.32	24.06	1371.9801	-5810.0615
-31.20	24.04	1383.9104	-5741.704
-31.09	24.02	1395.8407	-5583.091
-30.97	24.00	1407.771	-5828.8276
-30.86	23.98	1419.7013	-5505.708
-30.74	23.95	1431.6316	-5793.698
-30.63	23.93	1443.5619	-5913.2905
-30.51	23.91	1455.4922	-5922.6177
-30.40	23.89	1467.4225	-5798.829
-30.28	23.87	1479.3528	-5597.5947
-30.17	23.84	1491.2831	-5700.055
-30.05	23.82	1503.2134	-5602.088
-29.94	23.80	1515.1437	-5603.593
-29.82	23.78	1527.074	-5663.1797
-29.71	23.76	1539.0043	-5704.408
-29.59	23.73	1550.9346	-5704.302
-29.48	23.71	1562.8649	-5682.351
-29.36	23.69	1574.7952	-5685.773
-29.25	23.66	1586.7255	-5684.346
-29.14	23.64	1598.6558	-5650.5435
-29.02	23.62	1610.586	-5639.234
-28.91	23.60	1622.5164	-5599.028
-28.79	23.57	1634.4467	-5640.4688
-28.68	23.55	1646.377	-5626.25
-28.56	23.53	1658.3073	-5617.0376
-28.45	23.50	1670.2375	-5675.893
-28.34	23.48	1682.1678	-5662.6807
-28.22	23.46	1694.0981	-5621.14
-28.11	23.43	1706.0284	-5633.4976
-27.99	23.41	1717.9587	-5583.6025
-27.88	23.38	1729.889	-5589.7695
-27.77	23.36	1741.8193	-5603.3926
-27.65	23.34	1753.7496	-5609.095
-27.54	23.31	1765.6799	-5579.1997
-27.42	23.29	1777.6102	-5566.4795
-27.31	23.26	1789.5405	-5494.5645
-27.20	23.24	1801.4708	-5504.974
-27.08	23.21	1813.4011	-5504.7124
-26.97	23.19	1825.3314	-5490.7847
-26.86	23.17	1837.2617	-5454.552
-26.74	23.14	1849.192	-5352.4565
-26.63	23.12	1861.1223	-5415.741
-26.52	23.09	1873.0526	-5397.2036
-26.40	23.07	1884.9829	-5374.2065
-26.29	23.04	1896.9132	-5352.5444
-26.18	23.02	1908.8435	-5363.123
-26.06	22.99	1920.7738	-5339.717
-25.95	22.97	1932.7041	-5311.1646
-25.84	22.94	1944.6344	-5262.648
-25.72	22.92	1956.5647	-5232.41
-25.61	22.89	1968.495	-5309.6914
-25.50	22.86	1980.4253	-5256.134
-25.38	22.84	1992.3556	-5249.041
-25.27	22.81	2004.2859	-5229.1025
-25.16	22.79	2016.2162	-5222.739
-25.04	22.76	2028.1465	-5204.1855
-24.93	22.74	2040.0768	-5195.6597
-24.82	22.71	2052.007	-5181.9575
-24.71	22.68	2063.9373	-5170.226
-24.59	22.66	2075.8674	-5158.9756
-24.48	22.63	2087.7976	-5134.447
-24.37	22.60	2099.7278	-5090.6567
-24.25	22.58	2111.658	-5075.1494
-24.14	22.55	2123.5881	-5065.9067
-24.03	22.53	2135.5183	-5054.3745
-23.92	22.50	2147.4485	-5010.618
-23.80	22.47	2159.3787	-4968.6055
-23.69	22.44	2171.3088	-4970.6313
-23.58	22.42	2183.239	-4948.2964
-23.47	22.39	2195.1692	-4928.068
-23.35	22.36	2207.0994	-4917.828
-23.24	22.34	2219.0295	-4912.803
-23.13	22.31	2230.9597	-4870.7705
-23.02	22.28	2242.89	-4821.306
-22.91	22.26	2254.82	-4807.2065
-22.79	22.23	2266.7502	-4786.2256
-22.68	22.20	2278.6804	-4745.836
-22.57	22.17	2290.6106	-4728.698
-22.46	22.14	2302.5408	-4688.5938
-22.35	22.12	2314.471	-4664.9844
-22.23	22.09	2326.4011	-4630.134
-22.12	22.06	2338.3313	-4572.2095
